prefixHittest
bx strip layer
0    10       1      
0    10       2      
0    10       3      
1   10       1      
1    10       2      
1    10       3      
1    10       4      
1    10       5      
1    100       1      
1    100       2      
1    100       3      
1    100       4      
1    100       5      
2    10       1      
2    10       2      
2    10       3      
2    10       4      
2    10       5      
3    10       1      
3    10       2      
3    10       3      
3    10       4      
3    10       5      
